/*--------------------------------*- C++ -*----------------------------------*\
| =========                 |                                                 |
| \\      /  F ield         | OpenFOAM: The Open Source CFD Toolbox           |
|  \\    /   O peration     | Version:  4.x                                   |
|   \\  /    A nd           | Web:      www.OpenFOAM.org                      |
|    \\/     M anipulation  |                                                 |
\*---------------------------------------------------------------------------*/
FoamFile
{
    version     2.0;
    format      ascii;
    class       volScalarField;
    location    "0";
    object      yPlus;
}
// * * * * * * * * * * * * * * * * * * * * * * * * * * * * * * * * * * * * * //

dimensions      [0 0 0 0 0 0 0];

internalField   uniform 0;

boundaryField
{
    inlet
    {
        type            calculated;
        value           uniform 0;
    }
    outlet
    {
        type            calculated;
        value           uniform 0;
    }
    upperWall
    {
        type            calculated;
        value           nonuniform List<scalar> 
640
(
256.489
252.886
249.32
245.791
242.298
238.843
235.425
232.045
228.704
225.401
222.137
218.912
215.726
212.58
209.475
206.41
203.385
200.402
197.459
194.559
191.7
188.883
186.109
183.378
180.689
178.043
175.441
172.883
170.369
167.899
165.473
163.092
160.756
158.464
156.219
154.018
151.864
149.756
147.693
145.677
143.708
141.786
139.91
138.081
136.3
134.567
132.88
131.242
129.652
128.11
126.616
125.17
123.773
122.425
121.126
119.875
118.674
117.522
116.419
115.365
114.361
113.407
112.502
111.647
110.842
110.087
109.382
108.727
108.122
107.567
107.063
106.608
106.205
105.851
105.548
105.296
105.094
104.942
104.841
104.791
104.791
104.841
104.942
105.094
105.296
105.548
105.851
106.205
106.608
107.063
107.567
108.122
108.727
109.382
110.087
110.842
111.647
112.502
113.407
114.361
115.365
116.419
117.522
118.674
119.875
121.126
122.425
123.773
125.17
126.616
128.11
129.652
131.242
132.88
134.567
136.3
138.081
139.91
141.786
143.708
145.677
147.693
149.756
151.864
154.018
156.219
158.464
160.756
163.092
165.473
167.899
170.369
172.883
175.441
178.043
180.689
183.378
186.109
188.883
191.7
194.559
197.459
200.402
203.385
206.41
209.475
212.58
215.726
218.912
222.137
225.401
228.704
232.045
235.425
238.843
242.298
245.791
249.32
252.886
256.489
1257.79
1257.79
1257.79
1257.79
1257.79
1257.79
1257.79
1257.79
1257.79
1257.79
1257.79
1257.79
1257.79
1257.79
1257.79
1257.79
1257.79
1257.79
1257.79
1257.79
1257.79
1257.79
1257.79
1257.79
1257.79
1257.79
1257.79
1257.79
1257.79
1257.79
1257.79
1257.79
1257.79
1257.79
1257.79
1257.79
1257.79
1257.79
1257.79
1257.79
1257.79
1257.79
1257.79
1257.79
1257.79
1257.79
1257.79
1257.79
1257.79
1257.79
1257.79
1257.79
1257.79
1257.79
1257.79
1257.79
1257.79
1257.79
1257.79
1257.79
1257.79
1257.79
1257.79
1257.79
1257.79
1257.79
1257.79
1257.79
1257.79
1257.79
1257.79
1257.79
1257.79
1257.79
1257.79
1257.79
1257.79
1257.79
1257.79
1257.79
1257.79
1257.79
1257.79
1257.79
1257.79
1257.79
1257.79
1257.79
1257.79
1257.79
1257.79
1257.79
1257.79
1257.79
1257.79
1257.79
1257.79
1257.79
1257.79
1257.79
1257.79
1257.79
1257.79
1257.79
1257.79
1257.79
1257.79
1257.79
1257.79
1257.79
1257.79
1257.79
1257.79
1257.79
1257.79
1257.79
1257.79
1257.79
1257.79
1257.79
1257.79
1257.79
1257.79
1257.79
1257.79
1257.79
1257.79
1257.79
1257.79
1257.79
1257.79
1257.79
1257.79
1257.79
1257.79
1257.79
1257.79
1257.79
1257.79
1257.79
1257.79
1257.79
1257.79
1257.79
1257.79
1257.79
1257.79
1257.79
1257.79
1257.79
1257.79
1257.79
1257.79
1257.79
1257.79
1257.79
1257.79
1257.79
1257.79
1257.79
256.489
252.886
249.32
245.791
242.298
238.843
235.425
232.045
228.704
225.401
222.137
218.912
215.726
212.58
209.475
206.41
203.385
200.402
197.459
194.559
191.7
188.883
186.109
183.378
180.689
178.043
175.441
172.883
170.369
167.899
165.473
163.092
160.756
158.464
156.219
154.018
151.864
149.756
147.693
145.677
143.708
141.786
139.91
138.081
136.3
134.567
132.88
131.242
129.652
128.11
126.616
125.17
123.773
122.425
121.126
119.875
118.674
117.522
116.419
115.365
114.361
113.407
112.502
111.647
110.842
110.087
109.382
108.727
108.122
107.567
107.063
106.608
106.205
105.851
105.548
105.296
105.094
104.942
104.841
104.791
104.791
104.841
104.942
105.094
105.296
105.548
105.851
106.205
106.608
107.063
107.567
108.122
108.727
109.382
110.087
110.842
111.647
112.502
113.407
114.361
115.365
116.419
117.522
118.674
119.875
121.126
122.425
123.773
125.17
126.616
128.11
129.652
131.242
132.88
134.567
136.3
138.081
139.91
141.786
143.708
145.677
147.693
149.756
151.864
154.018
156.219
158.464
160.756
163.092
165.473
167.899
170.369
172.883
175.441
178.043
180.689
183.378
186.109
188.883
191.7
194.559
197.459
200.402
203.385
206.41
209.475
212.58
215.726
218.912
222.137
225.401
228.704
232.045
235.425
238.843
242.298
245.791
249.32
252.886
256.489
1257.79
1257.79
1257.79
1257.79
1257.79
1257.79
1257.79
1257.79
1257.79
1257.79
1257.79
1257.79
1257.79
1257.79
1257.79
1257.79
1257.79
1257.79
1257.79
1257.79
1257.79
1257.79
1257.79
1257.79
1257.79
1257.79
1257.79
1257.79
1257.79
1257.79
1257.79
1257.79
1257.79
1257.79
1257.79
1257.79
1257.79
1257.79
1257.79
1257.79
1257.79
1257.79
1257.79
1257.79
1257.79
1257.79
1257.79
1257.79
1257.79
1257.79
1257.79
1257.79
1257.79
1257.79
1257.79
1257.79
1257.79
1257.79
1257.79
1257.79
1257.79
1257.79
1257.79
1257.79
1257.79
1257.79
1257.79
1257.79
1257.79
1257.79
1257.79
1257.79
1257.79
1257.79
1257.79
1257.79
1257.79
1257.79
1257.79
1257.79
1257.79
1257.79
1257.79
1257.79
1257.79
1257.79
1257.79
1257.79
1257.79
1257.79
1257.79
1257.79
1257.79
1257.79
1257.79
1257.79
1257.79
1257.79
1257.79
1257.79
1257.79
1257.79
1257.79
1257.79
1257.79
1257.79
1257.79
1257.79
1257.79
1257.79
1257.79
1257.79
1257.79
1257.79
1257.79
1257.79
1257.79
1257.79
1257.79
1257.79
1257.79
1257.79
1257.79
1257.79
1257.79
1257.79
1257.79
1257.79
1257.79
1257.79
1257.79
1257.79
1257.79
1257.79
1257.79
1257.79
1257.79
1257.79
1257.79
1257.79
1257.79
1257.79
1257.79
1257.79
1257.79
1257.79
1257.79
1257.79
1257.79
1257.79
1257.79
1257.79
1257.79
1257.79
1257.79
1257.79
1257.79
1257.79
1257.79
1257.79
)
;
    }
    lowerWall
    {
        type            calculated;
        value           nonuniform List<scalar> 
160
(
256.489
252.886
249.32
245.791
242.298
238.843
235.425
232.045
228.704
225.401
222.137
218.912
215.726
212.58
209.475
206.41
203.385
200.402
197.459
194.559
191.7
188.883
186.109
183.378
180.689
178.043
175.441
172.883
170.369
167.899
165.473
163.092
160.756
158.464
156.219
154.018
151.864
149.756
147.693
145.677
143.708
141.786
139.91
138.081
136.3
134.567
132.88
131.242
129.652
128.11
126.616
125.17
123.773
122.425
121.126
119.875
118.674
117.522
116.419
115.365
114.361
113.407
112.502
111.647
110.842
110.087
109.382
108.727
108.122
107.567
107.063
106.608
106.205
105.851
105.548
105.296
105.094
104.942
104.841
104.791
104.791
104.841
104.942
105.094
105.296
105.548
105.851
106.205
106.608
107.063
107.567
108.122
108.727
109.382
110.087
110.842
111.647
112.502
113.407
114.361
115.365
116.419
117.522
118.674
119.875
121.126
122.425
123.773
125.17
126.616
128.11
129.652
131.242
132.88
134.567
136.3
138.081
139.91
141.786
143.708
145.677
147.693
149.756
151.864
154.018
156.219
158.464
160.756
163.092
165.473
167.899
170.369
172.883
175.441
178.043
180.689
183.378
186.109
188.883
191.7
194.559
197.459
200.402
203.385
206.41
209.475
212.58
215.726
218.912
222.137
225.401
228.704
232.045
235.425
238.843
242.298
245.791
249.32
252.886
256.489
)
;
    }
    frontAndBack
    {
        type            empty;
    }
}


// ************************************************************************* //
